,nRent,Age,Meterage,predictions,Parking,Storage,Balcony,FloorNum_2,FloorNum_3+,District_2,District_3,District_4,District_5,NoB_2,NoB_3+,Elevator_1,DoB_1400s,DoB_Before 1390
0,0.13232104121475052,0.0,0.34615384615384615,0.19565106437976307,1,1,0,1,0,0,0,0,0,0,1,1,1,0
1,0.041214750542299346,0.38235294117647056,0.13461538461538464,0.03466115667512249,1,1,0,1,0,0,0,1,0,1,0,1,0,0
2,0.0737527114967462,0.5588235294117647,0.15384615384615385,0.03363685729502685,1,1,0,0,1,1,0,0,0,1,0,0,0,1
3,0.02603036876355748,0.2647058823529412,0.23076923076923078,0.10367567028241073,1,1,0,0,0,1,0,0,0,0,0,0,0,0
4,0.06616052060737526,0.7058823529411764,0.2923076923076923,0.10955589003471117,1,1,0,0,0,0,0,0,0,1,0,0,0,1
5,0.04772234273318872,0.08823529411764708,0.17307692307692307,0.08058291765525066,0,0,0,1,0,0,0,0,0,1,0,0,1,0
6,0.039045553145336226,0.5588235294117647,0.14615384615384616,0.028813446893575706,1,1,0,0,1,0,0,0,0,1,0,1,0,1
7,0.09761388286334055,0.5294117647058824,0.19230769230769232,0.05993438019956981,1,1,0,0,1,0,0,0,0,1,0,0,0,1
8,0.06724511930585683,0.4117647058823529,0.11538461538461539,0.02042215977420738,0,1,0,0,0,0,0,1,0,1,0,1,0,0
9,0.06832971800433839,0.02941176470588236,0.23076923076923078,0.12111943746070872,1,1,0,0,0,0,0,1,0,1,0,1,1,0
10,0.07158351409978307,0.11764705882352941,0.15384615384615385,0.06634392075433557,1,1,0,0,1,0,0,1,0,1,0,1,1,0
11,0.08242950108459869,0.11764705882352941,0.21923076923076923,0.10734290916667025,1,0,1,0,0,0,0,1,0,1,0,1,1,0
12,0.7071583514099783,0.17647058823529413,0.7307692307692307,0.42373875906859665,1,1,1,0,1,1,0,0,0,0,1,1,0,0
13,0.1648590021691974,0.08823529411764708,0.3269230769230769,0.17705112568427347,1,1,0,0,0,0,0,1,0,1,0,1,1,0
14,0.05206073752711496,0.47058823529411764,0.19230769230769232,0.06429532199414431,0,1,0,0,1,0,0,1,0,1,0,0,0,1
15,1.0,0.0,1.0,0.6056409485031101,1,1,1,0,0,0,0,1,0,1,0,0,1,0
16,0.0650759219088937,0.4411764705882353,0.23076923076923078,0.09059284489868727,1,1,1,0,1,0,0,0,0,1,0,0,0,1
17,0.07158351409978307,0.7058823529411764,0.2692307692307692,0.09508565883035772,1,1,1,1,0,0,0,0,0,1,0,0,0,1
18,0.06941431670281994,0.23529411764705882,0.16153846153846152,0.0624454475666377,1,1,0,1,0,0,0,0,1,1,0,0,0,0
19,0.06399132321041215,0.17647058823529413,0.23076923076923078,0.11021708297427249,1,1,0,0,0,0,0,0,1,1,0,0,0,0
20,0.06290672451193058,0.20588235294117646,0.13461538461538464,0.04774398205884598,0,1,1,0,1,0,0,0,1,1,0,1,0,0
21,0.1106290672451193,1.0,0.23076923076923078,0.049163897850229545,0,0,0,0,0,0,0,0,1,0,1,0,0,1
22,0.030368763557483733,0.2647058823529412,0.13461538461538464,0.043383040264271484,0,1,0,0,0,0,0,0,1,1,0,0,0,0
23,0.0737527114967462,0.05882352941176469,0.19230769230769232,0.09482191455616576,1,1,1,1,0,0,1,0,0,1,0,1,1,0
24,0.05206073752711496,0.4117647058823529,0.16923076923076924,0.05418603258436538,1,1,0,1,0,0,1,0,0,1,0,0,0,0
25,0.041214750542299346,0.38235294117647056,0.17307692307692307,0.05877820868237819,1,1,0,0,0,0,1,0,0,1,0,0,0,0
26,0.041214750542299346,0.4117647058823529,0.17307692307692307,0.05659773778509094,0,1,0,0,0,0,0,0,1,1,0,0,0,0
27,0.06724511930585683,0.4117647058823529,0.11538461538461539,0.02042215977420738,0,1,0,0,1,0,0,0,1,1,0,1,0,0
28,0.06290672451193058,0.08823529411764708,0.11538461538461539,0.04440733964436711,1,0,0,0,0,0,1,0,0,0,0,0,1,0
29,0.06290672451193058,0.3235294117647059,0.23076923076923078,0.09931472848783623,1,1,0,1,0,1,0,0,0,1,0,0,0,0
30,0.12581344902386116,0.4117647058823529,0.23076923076923078,0.0927733157959745,1,1,1,0,1,0,0,0,1,1,0,1,0,0
31,0.013015184381778733,0.7058823529411764,0.11538461538461539,-0.001382549198665095,1,0,0,0,0,0,0,1,0,0,0,0,0,1
32,0.05639913232104121,0.2647058823529412,0.13461538461538464,0.043383040264271484,1,1,0,1,0,0,1,0,0,1,0,1,0,0
33,0.02169197396963124,0.2647058823529412,0.05769230769230771,-0.004851063750239932,0,1,0,0,0,0,0,1,0,0,0,0,0,0
34,0.02169197396963124,0.2647058823529412,0.11538461538461539,0.03132451426064362,0,1,0,0,0,0,0,1,0,1,0,0,0,0
35,0.04772234273318872,0.14705882352941177,0.17307692307692307,0.07622197586067617,1,1,0,0,1,0,0,1,0,1,0,0,0,0
36,0.03253796095444685,0.35294117647058826,0.15384615384615385,0.04890015357603759,1,1,0,0,0,0,0,1,0,1,0,0,0,0
37,0.03253796095444685,0.17647058823529413,0.19230769230769232,0.08610003096701677,1,1,0,1,0,0,0,1,0,1,0,0,0,0
38,0.013015184381778733,0.4117647058823529,0.05769230769230771,-0.01575341823667617,1,1,0,0,0,0,0,1,0,0,0,0,0,0
39,0.023861171366594353,0.4117647058823529,0.038461538461538464,-0.027811944240304032,0,1,0,0,0,0,0,1,0,1,0,0,0,0
40,0.08026030368763556,0.5588235294117647,0.13461538461538464,0.021578331291399,0,1,0,1,0,1,0,0,0,1,0,0,0,1
42,0.0368763557483731,0.35294117647058826,0.23076923076923078,0.097134257590549,1,1,0,1,0,1,0,0,0,1,0,1,0,0
43,0.15401301518438176,0.2647058823529412,0.23076923076923078,0.10367567028241073,1,1,0,0,1,1,0,0,0,1,0,1,0,0
44,0.2950108459869848,0.05882352941176469,0.4230769230769231,0.2395242265997,1,1,0,0,0,1,0,0,0,0,1,1,1,0
45,0.13232104121475052,0.0,0.3076923076923077,0.17153401237250737,1,1,0,1,0,1,0,0,0,0,1,1,1,0
46,0.0737527114967462,0.29411764705882354,0.23076923076923078,0.1014951993851235,1,1,0,0,1,1,0,0,0,1,0,1,0,0
47,0.041214750542299346,0.23529411764705882,0.13461538461538464,0.04556351116155873,0,1,0,0,0,1,0,0,0,1,0,0,0,0
48,0.24078091106290667,0.20588235294117646,0.3653846153846154,0.19244629410238023,1,1,0,1,0,1,0,0,0,0,1,1,0,0
49,0.05856832971800434,0.4117647058823529,0.11538461538461539,0.02042215977420738,0,1,0,0,1,1,0,0,0,1,0,1,0,0
50,0.0650759219088937,0.47058823529411764,0.1423076923076923,0.032943154384711876,1,1,0,0,0,1,0,0,0,1,0,0,0,1
51,0.07592190889370933,0.2647058823529412,0.1423076923076923,0.04820645066572261,1,1,1,1,0,1,0,0,0,1,0,0,0,0
52,0.033622559652928416,0.08823529411764708,0.15384615384615385,0.0685243916516228,0,1,0,0,1,1,0,0,0,1,0,0,1,0
53,0.03253796095444685,0.38235294117647056,0.05769230769230771,-0.013572947339388923,1,0,0,0,0,1,0,0,0,0,0,0,0,0
54,0.05206073752711496,0.7058823529411764,0.17692307692307693,0.03720473401294404,1,1,0,0,0,1,0,0,0,1,0,0,0,1
55,0.13665943600867678,0.6176470588235294,0.2692307692307692,0.10162707152221945,0,1,1,0,1,1,0,0,0,0,1,0,0,1
56,0.05748373101952277,0.47058823529411764,0.14615384615384616,0.03535485958543745,1,1,0,0,0,0,1,0,0,1,0,0,0,1
57,0.04555314533622559,0.08823529411764708,0.11538461538461539,0.04440733964436711,1,1,0,1,0,0,1,0,0,1,0,0,1,0
58,0.07592190889370933,0.11764705882352941,0.40384615384615385,0.22310475880149766,1,1,0,0,1,0,1,0,0,0,1,1,1,0
59,0.03253796095444685,0.5,0.13461538461538464,0.025939273085973498,1,1,1,0,1,0,1,0,0,1,0,0,0,1
60,0.041214750542299346,0.47058823529411764,0.13461538461538464,0.028119743983260746,0,0,0,0,0,0,1,0,0,1,0,0,0,1
61,0.05856832971800434,0.4117647058823529,0.13461538461538464,0.03248068577783524,1,1,0,0,1,0,1,0,0,1,0,1,0,0
62,0.041214750542299346,0.5588235294117647,0.21153846153846154,0.06981243530591041,1,1,0,0,1,0,1,0,0,1,0,0,0,1
63,0.18872017353579174,0.35294117647058826,0.15384615384615385,0.04890015357603759,1,1,0,1,0,1,0,0,0,1,0,1,0,0
64,0.0737527114967462,0.23529411764705882,0.14615384615384616,0.05279862676373543,1,1,0,0,1,0,0,1,0,1,0,0,0,0
65,0.039045553145336226,0.20588235294117646,0.11538461538461539,0.03568545605521812,1,1,0,0,0,0,0,1,0,1,0,0,0,0
66,0.023861171366594353,0.38235294117647056,0.13461538461538464,0.03466115667512249,0,1,0,0,0,0,0,1,0,1,0,0,0,0
67,0.04555314533622559,0.17647058823529413,0.13461538461538464,0.04992445295613323,1,1,0,0,0,0,0,0,1,1,0,0,0,0
68,0.03253796095444685,0.2647058823529412,0.07692307692307693,0.007207462253387913,1,1,0,0,0,0,1,0,0,1,0,0,0,0
69,0.039045553145336226,0.20588235294117646,0.14615384615384616,0.05497909766102268,1,1,0,0,1,0,1,0,0,0,1,1,0,0
70,0.07809110629067245,0.2647058823529412,0.3076923076923077,0.15190977429692215,1,1,0,0,0,0,0,1,0,1,0,0,0,0
71,0.05639913232104121,0.2647058823529412,0.3076923076923077,0.15190977429692215,1,1,0,0,0,0,0,1,0,1,0,0,0,0
72,0.1648590021691974,0.08823529411764708,0.3269230769230769,0.17705112568427347,1,1,0,0,0,0,0,0,0,1,0,1,1,0
73,0.1106290672451193,0.35294117647058826,0.5,0.26595362164133896,1,1,1,1,0,0,0,0,0,0,1,0,0,0
74,0.35357917570498915,0.02941176470588236,0.40384615384615385,0.2296461714933594,1,1,0,0,0,0,0,0,0,0,1,1,1,0
75,0.049891540130151846,0.4117647058823529,0.07692307692307693,-0.0036948922330483254,1,1,0,0,0,0,0,0,0,0,0,0,0,0
76,0.1496746203904555,0.5588235294117647,0.3653846153846154,0.16628064333493325,1,1,0,1,0,0,0,0,0,0,1,1,0,1
77,0.07809110629067245,0.4117647058823529,0.2692307692307692,0.1168903678032302,1,1,1,0,1,0,0,0,0,1,0,0,0,0
78,0.2863340563991323,0.0,0.46153846153846156,0.26800222040153027,1,1,0,0,1,0,0,0,0,0,1,1,1,0
79,0.3275488069414316,0.08823529411764708,0.7307692307692307,0.4302801717604584,1,1,1,1,0,0,0,0,0,0,1,1,1,0
80,0.18655097613882862,0.11764705882352941,0.5,0.28339738881963694,1,1,1,0,0,0,0,0,0,0,1,1,1,0
81,0.15835140997830802,0.14705882352941177,0.25,0.12445607987518759,1,1,0,0,1,0,0,0,0,1,0,1,0,0
82,0.10412147505422993,0.20588235294117646,0.19230769230769232,0.08391956006972953,1,1,0,1,0,0,0,0,0,1,0,0,0,0
83,0.12147505422993492,0.35294117647058826,0.21153846153846154,0.08507573158692114,1,1,0,1,0,0,0,0,0,1,0,0,0,0
84,0.022776572668112796,0.05882352941176469,0.13461538461538464,0.05864633654528222,0,1,0,0,0,0,0,0,0,1,0,0,1,0
85,0.04555314533622559,1.0,0.5384615384615384,0.24210031390827516,1,1,1,0,0,0,0,0,0,1,0,0,0,1
86,0.03796095444685466,0.20588235294117646,0.13461538461538464,0.04774398205884598,0,1,1,1,0,0,0,0,1,1,0,1,0,0
87,0.030368763557483733,0.20588235294117646,0.14615384615384616,0.05497909766102268,1,1,1,0,0,0,0,0,1,1,0,1,0,0
88,0.04555314533622559,0.08823529411764708,0.14615384615384616,0.06370098125017168,1,1,1,0,1,0,0,0,1,1,0,1,1,0
89,0.05531453362255965,0.4117647058823529,0.13461538461538464,0.03248068577783524,1,1,0,0,1,0,1,0,0,1,0,0,0,0
91,0.13774403470715835,0.11764705882352941,0.25,0.12663655077247482,1,1,0,0,1,0,1,0,0,1,0,1,1,0
92,0.05206073752711496,0.23529411764705882,0.15384615384615385,0.05762203716518658,0,1,0,0,1,0,1,0,0,1,0,0,0,0
93,0.07158351409978307,0.3235294117647059,0.17307692307692307,0.06313915047695268,1,1,1,0,1,0,1,0,0,1,0,1,0,0
94,0.04555314533622559,0.4411764705882353,0.13461538461538464,0.030300214880547995,1,1,0,0,1,0,1,0,0,1,0,0,0,1
95,0.048806941431670275,0.29411764705882354,0.11538461538461539,0.029144043363356374,1,1,0,1,0,0,1,0,0,1,0,0,0,0
96,0.06724511930585683,0.4117647058823529,0.19230769230769232,0.06865626378871881,1,1,0,1,0,0,1,0,0,1,0,0,0,0
97,0.09327548806941431,0.08823529411764708,0.25769230769230766,0.1336404320712132,1,1,0,0,0,0,0,0,0,1,0,1,1,0
98,0.4793926247288503,0.2647058823529412,0.6923076923076923,0.3930802943694792,0,1,1,0,1,0,0,0,0,0,1,1,0,0
99,0.028199566160520606,0.4117647058823529,0.0,-0.05192899624755974,0,1,0,0,0,1,0,0,0,0,0,0,0,0
100,0.07917570498915401,0.35294117647058826,0.13461538461538464,0.03684162757240974,1,1,0,1,0,0,0,1,0,1,0,0,0,0
101,0.054229934924078085,0.11764705882352941,0.6153846153846154,0.35574854484140406,0,1,1,0,0,0,0,1,0,1,0,0,1,0
102,0.047505422993492405,0.14705882352941177,0.15384615384615385,0.06416344985704833,1,1,1,1,0,0,0,1,0,1,0,0,0,0
103,0.05206073752711496,0.5294117647058824,0.36923076923076925,0.17087281943294605,1,1,0,0,0,0,0,1,0,0,1,0,0,1
104,0.039045553145336226,0.02941176470588236,0.34615384615384615,0.19347059348247583,1,1,0,0,0,0,0,1,0,1,0,0,1,0
105,0.06073752711496746,0.6176470588235294,0.15384615384615385,0.029275915500452353,1,1,0,1,0,0,0,1,0,1,0,0,0,1
107,0.035791757049891536,0.35294117647058826,0.05769230769230771,-0.011392476442101679,0,1,0,0,0,0,0,1,0,0,0,1,0,0
108,0.03796095444685466,0.35294117647058826,0.05769230769230771,-0.011392476442101679,1,0,1,0,0,0,0,1,0,0,0,0,0,0
109,0.09978308026030368,0.11764705882352941,0.16538461538461538,0.07357903635651228,1,1,1,0,1,0,0,0,0,1,0,1,1,0
110,0.0,0.2647058823529412,0.05769230769230771,-0.004851063750239932,1,1,0,0,0,0,0,1,0,0,0,0,0,0
111,0.12364425162689804,0.0,0.25,0.13535843436162381,1,1,1,0,1,0,0,0,0,1,0,1,1,0
112,0.04555314533622559,0.47058823529411764,0.3076923076923077,0.13664647801591143,1,1,0,0,0,0,0,1,0,1,0,0,0,1
113,0.015184381778741873,0.17647058823529413,0.05769230769230771,0.0016903489416218095,0,0,0,0,0,1,0,0,0,0,0,0,0,0
114,0.04555314533622559,0.35294117647058826,0.17307692307692307,0.060958679579665435,0,0,0,1,0,0,0,1,0,1,0,0,0,0
115,0.03470715835140998,0.23529411764705882,0.13461538461538464,0.04556351116155873,1,1,0,0,1,0,0,0,1,1,0,0,0,0
116,0.11496746203904554,0.05882352941176469,0.17307692307692307,0.0827633885525379,1,1,1,0,1,0,0,0,0,1,0,1,1,0
117,0.03796095444685466,0.35294117647058826,0.05769230769230771,-0.011392476442101679,1,0,0,0,0,0,0,1,0,0,0,0,0,0
118,0.10629067245119306,0.4117647058823529,0.23076923076923078,0.0927733157959745,1,1,0,0,1,0,0,0,0,1,0,0,0,0
