Rent,Deposit,Meterage,FloorNum_2,FloorNum_3,FloorNum_4,FloorNum_5,District_2,District_3,District_4,District_5,NoB_2,NoB_3,NoB_4,Elevator_1,DoB_1400s,DoB_Before 1390,Balcony_1,nRent
0.34782608695652173,0.10126582278481013,0.34615384615384615,1,0,0,0,0,0,0,0,0,1,0,1,1,0,0,0.44909190974133184
0.10144927536231885,0.0379746835443038,0.13461538461538464,1,0,0,0,0,0,1,0,1,0,0,1,0,0,0,0.13942395890662265
0.02898550724637681,0.08860759493670886,0.15384615384615385,0,1,0,0,1,0,0,0,1,0,0,0,0,1,0,0.11759310218308566
0.07246376811594203,0.025316455696202535,0.23076923076923078,0,0,0,0,1,0,0,0,0,0,0,0,0,0,0,0.09778022381214457
0.09420289855072464,0.06835443037974684,0.2923076923076923,0,0,0,0,0,0,0,0,1,0,0,0,0,1,0,0.16255732893047148
0.07246376811594203,0.05063291139240507,0.17307692307692307,1,0,0,0,0,0,0,0,1,0,0,0,1,0,0,0.1230966795083471
0.08695652173913045,0.0379746835443038,0.1461538461538462,0,0,1,0,0,0,0,0,1,0,0,1,0,1,0,0.12493120528343424
0.043478260869565216,0.1139240506329114,0.1923076923076923,0,1,0,0,0,0,0,0,1,0,0,0,0,1,0,0.15740231150247663
0.057971014492753624,0.0759493670886076,0.11538461538461542,0,0,0,0,0,0,1,0,1,0,0,1,0,0,0,0.13392038158136121
0.06521739130434782,0.0759493670886076,0.23076923076923078,0,0,0,0,0,0,1,0,1,0,0,1,1,0,0,0.14116675839295542
0.014492753623188406,0.08860759493670886,0.15384615384615385,0,1,0,0,0,0,1,0,1,0,0,1,1,0,0,0.10310034855989726
0.08695652173913045,0.08860759493670886,0.21923076923076923,0,0,0,0,0,0,1,0,1,0,0,1,1,0,1,0.17556411667583932
0.4927536231884058,0.7468354430379748,0.7307692307692308,0,0,0,1,1,0,0,0,0,1,0,1,0,0,1,1.2395890662263807
0.20289855072463767,0.16455696202531644,0.3269230769230769,0,0,0,0,0,0,1,0,1,0,0,1,1,0,0,0.36745551274995414
0.17391304347826086,0.0379746835443038,0.1923076923076923,0,0,1,0,0,0,1,0,1,0,0,0,0,1,0,0.21188772702256467
1.0,1.0,1.0,0,0,0,0,0,0,1,0,1,0,0,0,1,0,1,2.0
0.18840579710144928,0.05063291139240507,0.23076923076923078,0,1,0,0,0,0,0,0,1,0,0,0,0,1,1,0.23903870849385433
0.15942028985507245,0.06329113924050633,0.2692307692307693,1,0,0,0,0,0,0,0,1,0,0,0,0,1,1,0.22271142909557878
0.0,0.08860759493670886,0.16153846153846152,1,0,0,0,0,0,0,1,1,0,0,0,0,0,0,0.08860759493670886
0.10869565217391305,0.06329113924050633,0.23076923076923078,0,0,0,0,0,0,0,1,1,0,0,0,0,0,0,0.1719867914144194
0.02898550724637681,0.0759493670886076,0.13461538461538464,0,0,1,0,0,0,0,1,1,0,0,1,0,0,1,0.10493487433498441
0.13043478260869565,0.1139240506329114,0.23076923076923078,0,0,0,0,0,0,0,1,0,1,0,0,0,1,0,0.24435883324160707
0.0,0.043037974683544304,0.13461538461538464,0,0,0,0,0,0,0,1,1,0,0,0,0,0,0,0.043037974683544304
0.02898550724637681,0.08860759493670886,0.1923076923076923,1,0,0,0,0,1,0,0,1,0,0,1,1,0,1,0.11759310218308566
0.0,0.06835443037974684,0.16923076923076924,1,0,0,0,0,1,0,0,1,0,0,0,0,0,0,0.06835443037974684
0.02898550724637681,0.05063291139240507,0.17307692307692307,0,0,0,0,0,1,0,0,1,0,0,0,0,0,0,0.07961841863878188
0.10144927536231885,0.0379746835443038,0.17307692307692307,0,0,0,0,0,0,0,1,1,0,0,0,0,0,0,0.13942395890662265
0.20289855072463767,0.05063291139240507,0.11538461538461542,0,1,0,0,0,0,0,1,1,0,0,1,0,0,0,0.25353146211704275
0.02898550724637681,0.0759493670886076,0.11538461538461542,0,0,0,0,0,1,0,0,0,0,0,0,1,0,0,0.10493487433498441
0.10144927536231885,0.06329113924050633,0.23076923076923078,1,0,0,0,1,0,0,0,1,0,0,0,0,0,0,0.16474041460282518
0.08695652173913045,0.13924050632911392,0.23076923076923078,0,1,0,0,0,0,0,1,1,0,0,1,0,0,1,0.22619702806824438
0.057971014492753624,0.012658227848101266,0.11538461538461542,0,0,0,0,0,0,1,0,0,0,0,0,0,1,0,0.0706292423408549
0.13043478260869565,0.05063291139240507,0.13461538461538464,1,0,0,0,0,1,0,0,1,0,0,1,0,0,0,0.18106769400110073
0.08695652173913045,0.017721518987341776,0.05769230769230771,0,0,0,0,0,0,1,0,0,0,0,0,0,0,0,0.10467804072647222
0.043478260869565216,0.025316455696202535,0.11538461538461542,0,0,0,0,0,0,1,0,1,0,0,0,0,0,0,0.06879471656576774
0.014492753623188406,0.06075949367088608,0.17307692307692307,0,1,0,0,0,0,1,0,1,0,0,0,0,0,0,0.07525224729407448
0.043478260869565216,0.0379746835443038,0.15384615384615385,0,0,0,0,0,0,1,0,1,0,0,0,0,0,0,0.08145294441386902
0.043478260869565216,0.0379746835443038,0.1923076923076923,1,0,0,0,0,0,1,0,1,0,0,0,0,0,0,0.08145294441386902
0.02898550724637681,0.017721518987341776,0.05769230769230771,0,0,0,0,0,0,1,0,0,0,0,0,0,0,0,0.046707026233718585
0.02898550724637681,0.03037974683544304,0.038461538461538464,0,0,0,0,0,0,1,0,1,0,0,0,0,0,0,0.05936525408181985
0.07246376811594203,0.08860759493670886,0.13461538461538464,1,0,0,0,1,0,0,0,1,0,0,0,0,1,0,0.1610713630526509
0.07246376811594203,0.0379746835443038,0.23076923076923078,1,0,0,0,1,0,0,0,1,0,0,1,0,0,0,0.11043845166024582
0.13043478260869565,0.16455696202531644,0.23076923076923078,0,0,1,0,1,0,0,0,1,0,0,1,0,0,0,0.2949917446340121
0.20289855072463767,0.31645569620253167,0.42307692307692313,0,0,0,0,1,0,0,0,0,1,0,1,1,0,0,0.5193542469271694
0.34782608695652173,0.10126582278481013,0.3076923076923077,1,0,0,0,1,0,0,0,0,1,0,1,1,0,0,0.44909190974133184
0.17391304347826086,0.06329113924050633,0.23076923076923078,0,1,0,0,1,0,0,0,1,0,0,1,0,0,0,0.2372041827187672
0.10144927536231885,0.0379746835443038,0.13461538461538464,0,0,0,0,1,0,0,0,1,0,0,0,0,0,0,0.13942395890662265
0.2753623188405797,0.24050632911392406,0.3653846153846154,1,0,0,0,1,0,0,0,0,1,0,1,0,0,0,0.5158686479545038
0.07246376811594203,0.06329113924050633,0.11538461538461542,0,1,0,0,1,0,0,0,1,0,0,1,0,0,0,0.13575490735644835
0.043478260869565216,0.0759493670886076,0.1423076923076923,0,0,0,0,1,0,0,0,1,0,0,0,0,1,0,0.11942762795817281
0.043478260869565216,0.08860759493670886,0.1423076923076923,1,0,0,0,1,0,0,0,1,0,0,0,0,0,1,0.13208585580627408
0.05072463768115942,0.0379746835443038,0.15384615384615385,0,1,0,0,1,0,0,0,1,0,0,0,1,0,0,0.08869932122546322
0.043478260869565216,0.0379746835443038,0.05769230769230771,0,0,0,0,1,0,0,0,0,0,0,0,0,0,0,0.08145294441386902
0.02898550724637681,0.06329113924050633,0.17692307692307696,0,0,0,0,1,0,0,0,1,0,0,0,0,1,0,0.09227664648688313
0.014492753623188406,0.16455696202531644,0.2692307692307693,0,0,1,0,1,0,0,0,0,1,0,0,0,1,1,0.17904971564850486
0.13768115942028986,0.05063291139240507,0.1461538461538462,0,0,0,0,0,1,0,0,1,0,0,0,0,1,0,0.1883140708126949
0.057971014492753624,0.05063291139240507,0.11538461538461542,1,0,0,0,0,1,0,0,1,0,0,0,1,0,0,0.10860392588515869
0.18840579710144928,0.06329113924050633,0.40384615384615385,0,1,0,0,0,1,0,0,0,1,0,1,1,0,0,0.2516969363419556
0.043478260869565216,0.0379746835443038,0.13461538461538464,0,1,0,0,0,1,0,0,1,0,0,0,0,1,1,0.08145294441386902
0.07246376811594203,0.043037974683544304,0.13461538461538464,0,0,0,0,0,1,0,0,1,0,0,0,0,1,0,0.11550174279948633
0.07246376811594203,0.06329113924050633,0.13461538461538464,0,0,1,0,0,1,0,0,1,0,0,1,0,0,0,0.13575490735644835
0.10144927536231885,0.0379746835443038,0.21153846153846156,0,0,1,0,0,1,0,0,1,0,0,0,0,1,0,0.13942395890662265
0.07246376811594203,0.2151898734177215,0.15384615384615385,1,0,0,0,1,0,0,0,1,0,0,1,0,0,0,0.2876536415336635
0.02898550724637681,0.08860759493670886,0.1461538461538462,0,1,0,0,0,0,1,0,1,0,0,0,0,0,0,0.11759310218308566
0.08695652173913045,0.0379746835443038,0.11538461538461542,0,0,0,0,0,0,1,0,1,0,0,0,0,0,0,0.12493120528343424
0.057971014492753624,0.025316455696202535,0.13461538461538464,0,0,0,0,0,0,1,0,1,0,0,0,0,0,0,0.08328747018895616
0.057971014492753624,0.05063291139240507,0.13461538461538464,0,0,0,0,0,0,0,1,1,0,0,0,0,0,0,0.10860392588515869
0.043478260869565216,0.0379746835443038,0.07692307692307693,0,0,0,0,0,1,0,0,1,0,0,0,0,0,0,0.08145294441386902
0.08695652173913045,0.0379746835443038,0.1461538461538462,0,1,0,0,0,1,0,0,0,1,0,1,0,0,0,0.12493120528343424
0.057971014492753624,0.08860759493670886,0.3076923076923077,0,0,0,0,0,0,1,0,1,0,0,0,0,0,0,0.1465786094294625
0.057971014492753624,0.06329113924050633,0.3076923076923077,0,0,0,0,0,0,1,0,1,0,0,0,0,0,0,0.12126215373325996
0.20289855072463767,0.16455696202531644,0.3269230769230769,0,0,0,0,0,0,0,0,1,0,0,1,1,0,0,0.36745551274995414
0.42028985507246375,0.06329113924050633,0.5,1,0,0,0,0,0,0,0,0,1,0,0,0,0,1,0.4835809943129701
0.15942028985507245,0.3924050632911392,0.40384615384615385,0,0,0,0,0,0,0,0,0,1,0,1,1,0,0,0.5518253531462116
0.15942028985507245,0.0379746835443038,0.07692307692307693,0,0,0,0,0,0,0,0,0,0,0,0,0,0,0,0.19739497339937626
0.24637681159420288,0.13924050632911392,0.3653846153846154,1,0,0,0,0,0,0,0,0,1,0,1,0,1,0,0.38561731792331677
0.20289855072463767,0.06329113924050633,0.2692307692307693,0,1,0,0,0,0,0,0,1,0,0,0,0,0,1,0.266189689965144
0.2898550724637681,0.2911392405063291,0.46153846153846156,0,1,0,0,0,0,0,0,0,1,0,1,1,0,0,0.5809943129700972
0.855072463768116,0.24050632911392406,0.7307692307692308,1,0,0,0,0,0,0,0,0,0,1,1,1,0,1,1.09557879288204
0.6376811594202899,0.1139240506329114,0.5,0,0,0,0,0,0,0,0,0,1,0,1,1,0,1,0.7516052100532014
0.15942028985507245,0.16455696202531644,0.25,0,1,0,0,0,0,0,0,1,0,0,1,0,0,0,0.3239772518803889
0.08695652173913045,0.1139240506329114,0.1923076923076923,1,0,0,0,0,0,0,0,1,0,0,0,0,0,0,0.20088057237204185
0.20289855072463767,0.1139240506329114,0.21153846153846156,1,0,0,0,0,0,0,0,1,0,0,0,0,0,0,0.3168226013575491
0.05072463768115942,0.025316455696202535,0.13461538461538464,0,0,0,0,0,0,0,0,1,0,0,0,1,0,0,0.07604109337736195
0.20289855072463767,0.025316455696202535,0.5384615384615384,0,0,0,0,0,0,0,0,1,0,0,0,0,1,1,0.2282150064208402
0.07971014492753624,0.0379746835443038,0.13461538461538464,1,0,0,0,0,0,0,1,1,0,0,1,0,0,1,0.11768482847184003
0.10144927536231885,0.025316455696202535,0.1461538461538462,0,0,0,0,0,0,0,1,1,0,0,1,0,0,1,0.12676573105852137
0.10144927536231885,0.043037974683544304,0.1461538461538462,0,1,0,0,0,0,0,1,1,0,0,1,1,0,1,0.14448725004586316
0.05072463768115942,0.06329113924050633,0.13461538461538464,0,1,0,0,0,1,0,0,1,0,0,0,0,0,0,0.11401577692166576
0.09420289855072464,0.1518987341772152,0.25,0,0,1,0,0,1,0,0,1,0,0,1,1,0,0,0.24610163272793983
0.17391304347826086,0.0379746835443038,0.15384615384615385,0,0,1,0,0,1,0,0,1,0,0,0,0,0,0,0.21188772702256467
0.15942028985507245,0.06329113924050633,0.17307692307692307,0,0,1,0,0,1,0,0,1,0,0,1,0,0,1,0.22271142909557878
0.057971014492753624,0.05063291139240507,0.13461538461538464,0,1,0,0,0,1,0,0,1,0,0,0,0,1,0,0.10860392588515869
0.15217391304347824,0.0379746835443038,0.11538461538461542,1,0,0,0,0,1,0,0,1,0,0,0,0,0,0,0.19014859658778205
0.13043478260869565,0.06329113924050633,0.1923076923076923,1,0,0,0,0,1,0,0,1,0,0,0,0,0,0,0.19372592184920198
0.15942028985507245,0.08860759493670886,0.2576923076923077,0,0,0,0,0,0,0,0,1,0,0,1,1,0,0,0.2480278847917813
0.42028985507246375,0.4936708860759494,0.6923076923076924,0,0,1,0,0,0,0,0,0,1,0,1,0,0,1,0.9139607411484132
0.014492753623188406,0.0379746835443038,0.0,0,0,0,0,1,0,0,0,0,0,0,0,0,0,0,0.052467437167492206
0.06521739130434782,0.08860759493670886,0.13461538461538464,1,0,0,0,0,0,1,0,1,0,0,0,0,0,0,0.15382498624105667
0.043478260869565216,0.06329113924050633,0.6153846153846154,0,0,0,0,0,0,1,0,1,0,0,0,1,0,1,0.10676940011007155
0.07101449275362319,0.05063291139240507,0.15384615384615385,1,0,0,0,0,0,1,0,1,0,0,0,0,0,1,0.12164740414602826
0.10144927536231885,0.05063291139240507,0.36923076923076925,0,0,0,0,0,0,1,0,0,1,0,0,0,1,0,0.1520821867547239
0.15942028985507245,0.025316455696202535,0.34615384615384615,0,0,0,0,0,0,1,0,1,0,0,0,1,0,0,0.18473674555127498
0.08695652173913045,0.06329113924050633,0.15384615384615385,1,0,0,0,0,0,1,0,1,0,0,0,0,1,0,0.15024766097963677
0.06521739130434782,0.0379746835443038,0.05769230769230771,0,0,0,0,0,0,1,0,0,0,0,1,0,0,0,0.10319207484865162
0.007246376811594202,0.05063291139240507,0.05769230769230771,0,0,0,0,0,0,1,0,0,0,0,0,0,0,1,0.05787928820399927
0.13043478260869565,0.10126582278481013,0.1653846153846154,0,0,1,0,0,0,0,0,1,0,0,1,1,0,1,0.2317006053935058
0.02898550724637681,0.0025316455696202545,0.05769230769230771,0,0,0,0,0,0,1,0,0,0,0,0,0,0,0,0.03151715281599706
0.21739130434782608,0.1139240506329114,0.25,0,1,0,0,0,0,0,0,1,0,0,1,1,0,1,0.3313153549807375
0.13043478260869565,0.0379746835443038,0.3076923076923077,0,0,0,0,0,0,1,0,1,0,0,0,0,1,0,0.16840946615299945
0.043478260869565216,0.017721518987341776,0.05769230769230771,0,0,0,0,1,0,0,0,0,0,0,0,0,0,0,0.06119977985690699
0.02898550724637681,0.055696202531645575,0.17307692307692307,1,0,0,0,0,0,1,0,1,0,0,0,0,0,0,0.08468170977802239
0.057971014492753624,0.0379746835443038,0.13461538461538464,0,1,0,0,0,0,0,1,1,0,0,0,0,0,0,0.09594569803705742
0.15942028985507245,0.1139240506329114,0.17307692307692307,0,0,1,0,0,0,0,0,1,0,0,1,1,0,1,0.27334434048798384
0.007246376811594202,0.05063291139240507,0.05769230769230771,0,0,0,0,0,0,1,0,0,0,0,0,0,0,0,0.05787928820399927
0.07246376811594203,0.11898734177215191,0.23076923076923078,0,1,0,0,0,0,0,0,1,0,0,0,0,0,0,0.19145110988809394
0.043478260869565216,0.0,0.019230769230769218,0,0,0,0,0,0,0,0,0,0,0,0,0,0,0,0.043478260869565216
0.02898550724637681,0.00759493670886076,0.11538461538461542,0,0,0,0,0,1,0,0,0,0,0,0,0,1,1,0.03658044395523757
0.07246376811594203,0.06329113924050633,0.2692307692307693,0,0,0,0,0,0,1,0,1,0,0,0,0,0,0,0.13575490735644835
0.34782608695652173,0.24050632911392406,0.25384615384615383,0,0,1,0,0,0,0,0,1,0,0,1,0,0,1,0.5883324160704457
0.11594202898550725,0.06329113924050633,0.3076923076923077,0,0,0,0,0,0,0,1,1,0,0,0,0,1,0,0.1792331682260136
0.07246376811594203,0.025316455696202535,0.038461538461538464,0,0,0,0,0,0,0,1,0,0,0,0,0,0,0,0.09778022381214457
