Rent,Deposit,Meterage,FloorNum_2,FloorNum_3,FloorNum_4,FloorNum_5,District_2,District_3,District_4,District_5,NoB_2,NoB_3,NoB_4,Elevator_1,DoB_1400s,DoB_Before 1390,Balcony_1,nRent,y_pred
0.3478260869565217,0.1012658227848101,0.3461538461538461,1,0,0,0,0,0,0,0,0,1,0,1,1,0,0,0.4490919097413318,0.4232345062400732
0.1014492753623188,0.0379746835443038,0.1346153846153846,1,0,0,0,0,0,1,0,1,0,0,1,0,0,0,0.1394239589066226,0.13324255294025547
0.0289855072463768,0.0886075949367088,0.1538461538461538,0,1,0,0,1,0,0,0,1,0,0,0,0,1,0,0.1175931021830856,0.07397667482036466
0.072463768115942,0.0253164556962025,0.2307692307692307,0,0,0,0,1,0,0,0,0,0,0,0,0,0,0,0.0977802238121445,0.3144018534819229
0.0942028985507246,0.0683544303797468,0.2923076923076923,0,0,0,0,0,0,0,0,1,0,0,0,0,1,0,0.1625573289304714,0.2554660165421315
0.072463768115942,0.050632911392405,0.173076923076923,1,0,0,0,0,0,0,0,1,0,0,0,1,0,0,0.1230966795083471,0.16046802386911688
0.0869565217391304,0.0379746835443038,0.1461538461538462,0,0,1,0,0,0,0,0,1,0,0,1,0,1,0,0.1249312052834342,0.1675044788630141
0.0434782608695652,0.1139240506329114,0.1923076923076923,0,1,0,0,0,0,0,0,1,0,0,0,0,1,0,0.1574023115024766,0.13856871370642146
0.0579710144927536,0.0759493670886076,0.1153846153846154,0,0,0,0,0,0,1,0,1,0,0,1,0,0,0,0.1339203815813612,0.07417319245787965
0.0652173913043478,0.0759493670886076,0.2307692307692307,0,0,0,0,0,0,1,0,1,0,0,1,1,0,0,0.1411667583929554,0.2144030291290512
0.0144927536231884,0.0886075949367088,0.1538461538461538,0,1,0,0,0,0,1,0,1,0,0,1,1,0,0,0.1031003485598972,0.12922634130862087
0.0869565217391304,0.0886075949367088,0.2192307692307692,0,0,0,0,0,0,1,0,1,0,0,1,1,0,1,0.1755641166758393,0.1873985934887192
0.4927536231884058,0.7468354430379748,0.7307692307692308,0,0,0,1,1,0,0,0,0,1,0,1,0,0,1,1.2395890662263809,1.23958906622638
0.2028985507246376,0.1645569620253164,0.3269230769230769,0,0,0,0,0,0,1,0,1,0,0,1,1,0,0,0.3674555127499541,0.3465722583593831
0.1739130434782608,0.0379746835443038,0.1923076923076923,0,0,1,0,0,0,1,0,1,0,0,0,0,1,0,0.2118877270225646,0.1355615695146857
1.0,1.0,1.0,0,0,0,0,0,0,1,0,1,0,0,0,1,0,1,2.0,1.209286173970547
0.1884057971014492,0.050632911392405,0.2307692307692307,0,1,0,0,0,0,0,0,1,0,0,0,0,1,1,0.2390387084938543,0.18029227726586175
0.1594202898550724,0.0632911392405063,0.2692307692307693,1,0,0,0,0,0,0,0,1,0,0,0,0,1,1,0.2227114290955787,0.24523678803046908
0.0,0.0886075949367088,0.1615384615384615,1,0,0,0,0,0,0,1,1,0,0,0,0,0,0,0.0886075949367088,0.14546282721157633
0.108695652173913,0.0632911392405063,0.2307692307692307,0,0,0,0,0,0,0,1,1,0,0,0,0,0,0,0.1719867914144194,0.20798915762110565
0.0289855072463768,0.0759493670886076,0.1346153846153846,0,0,1,0,0,0,0,1,1,0,0,1,0,0,1,0.1049348743349844,0.17761149100906848
0.1304347826086956,0.1139240506329114,0.2307692307692307,0,0,0,0,0,0,0,1,0,1,0,0,0,1,0,0.244358833241607,0.12689489116748484
0.0,0.0430379746835443,0.1346153846153846,0,0,0,0,0,0,0,1,1,0,0,0,0,0,0,0.0430379746835443,0.07581992839077398
0.0289855072463768,0.0886075949367088,0.1923076923076923,1,0,0,0,0,1,0,0,1,0,0,1,1,0,1,0.1175931021830856,0.20797356265370967
0.0,0.0683544303797468,0.1692307692307692,1,0,0,0,0,1,0,0,1,0,0,0,0,0,0,0.0683544303797468,0.1544437533078826
0.0289855072463768,0.050632911392405,0.173076923076923,0,0,0,0,0,1,0,0,1,0,0,0,0,0,0,0.0796184186387818,0.12709500784078623
0.1014492753623188,0.0379746835443038,0.173076923076923,0,0,0,0,0,0,0,1,1,0,0,0,0,0,0,0.1394239589066226,0.12868762008290657
0.2028985507246376,0.050632911392405,0.1153846153846154,0,1,0,0,0,0,0,1,1,0,0,1,0,0,0,0.2535314621170427,0.1212713389770089
0.0289855072463768,0.0759493670886076,0.1153846153846154,0,0,0,0,0,1,0,0,0,0,0,0,1,0,0,0.1049348743349844,0.13003914739697503
0.1014492753623188,0.0632911392405063,0.2307692307692307,1,0,0,0,1,0,0,0,1,0,0,0,0,0,0,0.1647404146028251,0.24641845261861833
0.0869565217391304,0.1392405063291139,0.2307692307692307,0,1,0,0,0,0,0,1,1,0,0,1,0,0,1,0.2261970280682443,0.2687302859207146
0.0579710144927536,0.0126582278481012,0.1153846153846154,0,0,0,0,0,0,1,0,0,0,0,0,0,1,0,0.0706292423408549,0.06883597174751377
0.1304347826086956,0.050632911392405,0.1346153846153846,1,0,0,0,0,1,0,0,1,0,0,1,0,0,0,0.1810676940011007,0.15818939165342935
0.0869565217391304,0.0177215189873417,0.0576923076923077,0,0,0,0,0,0,1,0,0,0,0,0,0,0,0,0.1046780407264722,0.04416400955082847
0.0434782608695652,0.0253164556962025,0.1153846153846154,0,0,0,0,0,0,1,0,1,0,0,0,0,0,0,0.0687947165657677,0.02284663158941344
0.0144927536231884,0.060759493670886,0.173076923076923,0,1,0,0,0,0,1,0,1,0,0,0,0,0,0,0.0752522472940744,0.1227068646914474
0.0434782608695652,0.0379746835443038,0.1538461538461538,0,0,0,0,0,0,1,0,1,0,0,0,0,0,0,0.081452944413869,0.07571432328154604
0.0434782608695652,0.0379746835443038,0.1923076923076923,1,0,0,0,0,0,1,0,1,0,0,0,0,0,0,0.081452944413869,0.16121752960998836
0.0289855072463768,0.0177215189873417,0.0576923076923077,0,0,0,0,0,0,1,0,0,0,0,0,0,0,0,0.0467070262337185,0.04416400955082847
0.0289855072463768,0.030379746835443,0.0384615384615384,0,0,0,0,0,0,1,0,1,0,0,0,0,0,0,0.0593652540818198,-0.08288875179485208
0.072463768115942,0.0886075949367088,0.1346153846153846,1,0,0,0,1,0,0,0,1,0,0,0,0,1,0,0.1610713630526509,0.05961964804677287
0.072463768115942,0.0379746835443038,0.2307692307692307,1,0,0,0,1,0,0,0,1,0,0,1,0,0,0,0.1104384516602458,0.29774501348708454
0.1304347826086956,0.1645569620253164,0.2307692307692307,0,0,1,0,1,0,0,0,1,0,0,1,0,0,0,0.2949917446340121,0.32671862873329566
0.2028985507246376,0.3164556962025316,0.4230769230769231,0,0,0,0,1,0,0,0,0,1,0,1,1,0,0,0.5193542469271694,0.4846100277941051
0.3478260869565217,0.1012658227848101,0.3076923076923077,1,0,0,0,1,0,0,0,0,1,0,1,1,0,0,0.4490919097413318,0.3586424673540166
0.1739130434782608,0.0632911392405063,0.2307692307692307,0,1,0,0,1,0,0,0,1,0,0,1,0,0,0,0.2372041827187672,0.28566819441461005
0.1014492753623188,0.0379746835443038,0.1346153846153846,0,0,0,0,1,0,0,0,1,0,0,0,0,0,0,0.1394239589066226,0.08161370875197715
0.2753623188405797,0.240506329113924,0.3653846153846154,1,0,0,0,1,0,0,0,0,1,0,1,0,0,0,0.5158686479545038,0.45631724329744217
0.072463768115942,0.0632911392405063,0.1153846153846154,0,1,0,0,1,0,0,0,1,0,0,1,0,0,0,0.1357549073564483,0.12706511933821207
0.0434782608695652,0.0759493670886076,0.1423076923076923,0,0,0,0,1,0,0,0,1,0,0,0,0,1,0,0.1194276279581728,0.03755767174888989
0.0434782608695652,0.0886075949367088,0.1423076923076923,1,0,0,0,1,0,0,0,1,0,0,0,0,0,1,0.132085855806274,0.11367863359402085
0.0507246376811594,0.0379746835443038,0.1538461538461538,0,1,0,0,1,0,0,0,1,0,0,0,1,0,0,0.0886993212254632,0.11023301175665202
0.0434782608695652,0.0379746835443038,0.0576923076923077,0,0,0,0,1,0,0,0,0,0,0,0,0,0,0,0.081452944413869,0.07649724086732586
0.0289855072463768,0.0632911392405063,0.1769230769230769,0,0,0,0,1,0,0,0,1,0,0,0,0,1,0,0.0922766464868831,0.08513859427180934
0.0144927536231884,0.1645569620253164,0.2692307692307693,0,0,1,0,1,0,0,0,0,1,0,0,0,1,1,0.1790497156485048,0.23602136497064916
0.1376811594202898,0.050632911392405,0.1461538461538462,0,0,0,0,0,1,0,0,1,0,0,0,0,1,0,0.1883140708126949,0.03545804831477973
0.0579710144927536,0.050632911392405,0.1153846153846154,1,0,0,0,0,1,0,0,1,0,0,0,1,0,0,0.1086039258851586,0.06205574653367042
0.1884057971014492,0.0632911392405063,0.4038461538461538,0,1,0,0,0,1,0,0,0,1,0,1,1,0,0,0.2516969363419556,0.4713484849085503
0.0434782608695652,0.0379746835443038,0.1346153846153846,0,1,0,0,0,1,0,0,1,0,0,0,0,1,1,0.081452944413869,0.029012308238282547
0.072463768115942,0.0430379746835443,0.1346153846153846,0,0,0,0,0,1,0,0,1,0,0,0,0,1,0,0.1155017427994863,0.019597740807139864
0.072463768115942,0.0632911392405063,0.1346153846153846,0,0,1,0,0,1,0,0,1,0,0,1,0,0,0,0.1357549073564483,0.18716300689964047
0.1014492753623188,0.0379746835443038,0.2115384615384615,0,0,1,0,0,1,0,0,1,0,0,0,0,1,0,0.1394239589066226,0.18694225407392587
0.072463768115942,0.2151898734177215,0.1538461538461538,1,0,0,0,1,0,0,0,1,0,0,1,0,0,0,0.2876536415336635,0.19200963010281913
0.0289855072463768,0.0886075949367088,0.1461538461538462,0,1,0,0,0,0,1,0,1,0,0,0,0,0,0,0.1175931021830856,0.08569948050695464
0.0869565217391304,0.0379746835443038,0.1153846153846154,0,0,0,0,0,0,1,0,1,0,0,0,0,0,0,0.1249312052834342,0.02284663158941344
0.0579710144927536,0.0253164556962025,0.1346153846153846,0,0,0,0,0,0,1,0,1,0,0,0,0,0,0,0.0832874701889561,0.04928047743547975
0.0579710144927536,0.050632911392405,0.1346153846153846,0,0,0,0,0,0,0,1,1,0,0,0,0,0,0,0.1086039258851586,0.07581992839077398
0.0434782608695652,0.0379746835443038,0.0769230769230769,0,0,0,0,0,1,0,0,1,0,0,0,0,0,0,0.081452944413869,-0.005074221389545455
0.0869565217391304,0.0379746835443038,0.1461538461538462,0,1,0,0,0,1,0,0,0,1,0,1,0,0,0,0.1249312052834342,0.1355081889764877
0.0579710144927536,0.0886075949367088,0.3076923076923077,0,0,0,0,0,0,1,0,1,0,0,0,0,0,0,0.1465786094294625,0.287185090050077
0.0579710144927536,0.0632911392405063,0.3076923076923077,0,0,0,0,0,0,1,0,1,0,0,0,0,0,0,0.1212621537332599,0.287185090050077
0.2028985507246376,0.1645569620253164,0.3269230769230769,0,0,0,0,0,0,0,0,1,0,0,1,1,0,0,0.3674555127499541,0.39062983686980446
0.4202898550724637,0.0632911392405063,0.5,1,0,0,0,0,0,0,0,0,1,0,0,0,0,1,0.4835809943129701,0.590607822412672
0.1594202898550724,0.3924050632911392,0.4038461538461538,0,0,0,0,0,0,0,0,0,1,0,1,1,0,0,0.5518253531462116,0.4699005291419628
0.1594202898550724,0.0379746835443038,0.0769230769230769,0,0,0,0,0,0,0,0,0,0,0,0,0,0,0,0.1973949733993762,0.11465543390731615
0.2463768115942028,0.1392405063291139,0.3653846153846154,1,0,0,0,0,0,0,0,0,1,0,1,0,1,0,0.3856173179233167,0.41341201514985243
0.2028985507246376,0.0632911392405063,0.2692307692307693,0,1,0,0,0,0,0,0,1,0,0,0,0,0,1,0.266189689965144,0.28778954429950837
0.2898550724637681,0.2911392405063291,0.4615384615384615,0,1,0,0,0,0,0,0,0,1,0,1,1,0,0,0.5809943129700972,0.5697607622439969
0.855072463768116,0.240506329113924,0.7307692307692308,1,0,0,0,0,0,0,0,0,0,1,1,1,0,1,1.09557879288204,1.095578792882041
0.6376811594202899,0.1139240506329114,0.5,0,0,0,0,0,0,0,0,0,1,0,1,1,0,1,0.7516052100532014,0.5909256302396022
0.1594202898550724,0.1645569620253164,0.25,0,1,0,0,0,0,0,0,1,0,0,1,0,0,0,0.3239772518803889,0.3238263874546005
0.0869565217391304,0.1139240506329114,0.1923076923076923,1,0,0,0,0,0,0,0,1,0,0,0,0,0,0,0.2008805723720418,0.20527510812040972
0.2028985507246376,0.1139240506329114,0.2115384615384615,1,0,0,0,0,0,0,0,1,0,0,0,0,0,0,0.3168226013575491,0.23170895396647606
0.0507246376811594,0.0253164556962025,0.1346153846153846,0,0,0,0,0,0,0,0,1,0,0,0,1,0,0,0.0760410933773619,0.07496481754067473
0.2028985507246376,0.0253164556962025,0.5384615384615384,0,0,0,0,0,0,0,0,1,0,0,0,0,1,1,0.2282150064208402,0.5826751152390883
0.0797101449275362,0.0379746835443038,0.1346153846153846,1,0,0,0,0,0,0,1,1,0,0,1,0,0,1,0.11768482847184,0.14863787576285736
0.1014492753623188,0.0253164556962025,0.1461538461538462,0,0,0,0,0,0,0,1,1,0,0,1,0,0,1,0.1267657310585213,0.13186266863418772
0.1014492753623188,0.0430379746835443,0.1461538461538462,0,1,0,0,0,0,0,1,1,0,0,1,1,0,1,0.1444872500458631,0.13404812579279635
0.0507246376811594,0.0632911392405063,0.1346153846153846,0,1,0,0,0,1,0,0,1,0,0,0,0,0,0,0.1140157769216657,0.09478601171248865
0.0942028985507246,0.1518987341772152,0.25,0,0,1,0,0,1,0,0,1,0,0,1,1,0,0,0.2461016327279398,0.32739284357081216
0.1739130434782608,0.0379746835443038,0.1538461538461538,0,0,1,0,0,1,0,0,1,0,0,0,0,0,0,0.2118877270225646,0.1622702918772405
0.1594202898550724,0.0632911392405063,0.173076923076923,0,0,1,0,0,1,0,0,1,0,0,1,0,0,1,0.2227114290955787,0.22888657045908073
0.0579710144927536,0.050632911392405,0.1346153846153846,0,1,0,0,0,1,0,0,1,0,0,0,0,1,0,0.1086039258851586,0.040156436370974886
0.1521739130434782,0.0379746835443038,0.1153846153846154,1,0,0,0,0,1,0,0,1,0,0,0,0,0,0,0.190148596587782,0.08042898493889683
0.1304347826086956,0.0632911392405063,0.1923076923076923,1,0,0,0,0,1,0,0,1,0,0,0,0,0,0,0.1937259218492019,0.1861643683231622
0.1594202898550724,0.0886075949367088,0.2576923076923077,0,0,0,0,0,0,0,0,1,0,0,1,1,0,0,0.2480278847917813,0.2954679918239656
0.4202898550724637,0.4936708860759494,0.6923076923076924,0,0,1,0,0,0,0,0,0,1,0,1,0,0,1,0.9139607411484132,0.9352464569880129
0.0144927536231884,0.0379746835443038,0.0,0,0,0,0,1,0,0,0,0,0,0,0,0,0,0,0.0524674371674922,-0.002804296670873216
0.0652173913043478,0.0886075949367088,0.1346153846153846,1,0,0,0,0,0,1,0,1,0,0,0,0,0,0,0.1538249862410566,0.08191599207178926
0.0434782608695652,0.0632911392405063,0.6153846153846154,0,0,0,0,0,0,1,0,1,0,0,0,1,0,1,0.1067694001100715,0.6806092570492198
0.0710144927536231,0.050632911392405,0.1538461538461538,1,0,0,0,0,0,1,0,1,0,0,0,0,0,1,0.1216474041460282,0.0972057097851632
0.1014492753623188,0.050632911392405,0.3692307692307692,0,0,0,0,0,0,1,0,0,1,0,0,0,1,0,0.1520821867547239,0.29067913030386844
0.1594202898550724,0.0253164556962025,0.3461538461538461,0,0,0,0,0,0,1,0,1,0,0,0,1,0,0,0.1847367455512749,0.3216795433369831
0.0869565217391304,0.0632911392405063,0.1538461538461538,1,0,0,0,0,0,1,0,1,0,0,0,0,1,0,0.1502476609796367,0.05372026257634178
0.0652173913043478,0.0379746835443038,0.0576923076923077,0,0,0,0,0,0,1,0,0,0,0,1,0,0,0,0.1031920748486516,0.09549057041929468
0.0072463768115942,0.050632911392405,0.0576923076923077,0,0,0,0,0,0,1,0,0,0,0,0,0,0,1,0.0578792882039992,0.03301988141813613
0.1304347826086956,0.1012658227848101,0.1653846153846154,0,0,1,0,0,0,0,0,1,0,0,1,1,0,1,0.2317006053935058,0.21905053351267548
0.0289855072463768,0.0025316455696202,0.0576923076923077,0,0,0,0,0,0,1,0,0,0,0,0,0,0,0,0.031517152815997,0.04416400955082847
0.217391304347826,0.1139240506329114,0.25,0,1,0,0,0,0,0,0,1,0,0,1,1,0,1,0.3313153549807375,0.29430902091668176
0.1304347826086956,0.0379746835443038,0.3076923076923077,0,0,0,0,0,0,1,0,1,0,0,0,0,1,0,0.1684094661529994,0.2325555147085632
0.0434782608695652,0.0177215189873417,0.0576923076923077,0,0,0,0,1,0,0,0,0,0,0,0,0,0,0,0.0611997798569069,0.07649724086732586
0.0289855072463768,0.0556962025316455,0.173076923076923,1,0,0,0,0,0,1,0,1,0,0,0,0,0,0,0.0846817097780223,0.13478368376392189
0.0579710144927536,0.0379746835443038,0.1346153846153846,0,1,0,0,0,0,0,1,1,0,0,0,0,0,0,0.0959456980370574,0.096378623954609
0.1594202898550724,0.1139240506329114,0.173076923076923,0,0,1,0,0,0,0,0,1,0,0,1,1,0,1,0.2733443404879838,0.22962407185110187
0.0072463768115942,0.050632911392405,0.0576923076923077,0,0,0,0,0,0,1,0,0,0,0,0,0,0,0,0.0578792882039992,0.04416400955082847
0.072463768115942,0.1189873417721519,0.2307692307692307,0,1,0,0,0,0,0,0,1,0,0,0,0,0,0,0.1914511098880939,0.24606598074006786
0.0434782608695652,0.0,0.0192307692307692,0,0,0,0,0,0,0,0,0,0,0,0,0,0,0,0.0434782608695652,0.035353896369117094
0.0289855072463768,0.0075949367088607,0.1153846153846154,0,0,0,0,0,1,0,0,0,0,0,0,0,1,1,0.0365804439552375,0.0826386823279953
0.072463768115942,0.0632911392405063,0.2692307692307693,0,0,0,0,0,0,1,0,1,0,0,0,0,0,0,0.1357549073564483,0.2343173983579443
0.3478260869565217,0.240506329113924,0.2538461538461538,0,0,1,0,0,0,0,0,1,0,0,1,0,0,1,0.5883324160704457,0.35901946280980696
0.1159420289855072,0.0632911392405063,0.3076923076923077,0,0,0,0,0,0,0,1,1,0,0,0,0,1,0,0.1792331682260136,0.2590949656638574
0.072463768115942,0.0253164556962025,0.0384615384615384,0,0,0,0,0,0,0,1,0,0,0,0,0,0,0,0.0977802238121445,0.044269614660056245
